{
 "cells": [
  {
   "cell_type": "markdown",
   "metadata": {
    "id": "bKVCXSLjmCEc"
   },
   "source": [
    "\n",
    "![logo](https://upload.wikimedia.org/wikipedia/commons/4/44/Huntsman-Wordmark-with-USU-Blue.gif#center)\n",
    "\n",
    "\n",
    "---"
   ]
  },
  {
   "cell_type": "markdown",
   "metadata": {
    "id": "w5LlNKPumCEc"
   },
   "source": [
    "# HW2- Time series in Python\n",
    "\n",
    "Let's take a look at time series with numpy and Pandas now. We'll start with a few simple tasks, then we'll move on to more complicated questions.\n",
    "\n",
    "**Important** Avoid running the cells directly above the example output shown, otherwise you will end up overwriting it\n"
   ]
  },
  {
   "cell_type": "markdown",
   "metadata": {
    "id": "heY8Ae3cmCEc"
   },
   "source": [
    "##### 1. Import Numpy package as np (0.5 point)"
   ]
  },
  {
   "cell_type": "code",
   "execution_count": 1,
   "metadata": {
    "id": "i0qn0S7jmCEd"
   },
   "outputs": [],
   "source": [
    "import numpy as np"
   ]
  },
  {
   "cell_type": "markdown",
   "metadata": {
    "id": "UZWKo3DzmCEd"
   },
   "source": [
    "#####  2. Create the following numpy array using two functions:  arange() and linspace(). You must generate the same answers. (2 points)"
   ]
  },
  {
   "cell_type": "code",
   "execution_count": 2,
   "metadata": {},
   "outputs": [
    {
     "data": {
      "text/plain": [
       "array([ 2,  6, 10, 14, 18])"
      ]
     },
     "execution_count": 2,
     "metadata": {},
     "output_type": "execute_result"
    }
   ],
   "source": [
    "# Using arange\n",
    "arr_arange = np.arange(2, 20, 4)\n",
    "arr_arange"
   ]
  },
  {
   "cell_type": "code",
   "execution_count": 4,
   "metadata": {
    "id": "dconenWnmCEd",
    "outputId": "73fb1da0-5229-48c4-c8dd-5c8f06a2ef16"
   },
   "outputs": [
    {
     "data": {
      "text/plain": [
       "array([ 2,  6, 10, 14, 18])"
      ]
     },
     "execution_count": 4,
     "metadata": {},
     "output_type": "execute_result"
    }
   ],
   "source": [
    "# Do NOT write here!\n"
   ]
  },
  {
   "cell_type": "code",
   "execution_count": 4,
   "metadata": {
    "id": "1ekfFFtEmCEd"
   },
   "outputs": [
    {
     "data": {
      "text/plain": [
       "array([ 2.,  6., 10., 14., 18.])"
      ]
     },
     "execution_count": 4,
     "metadata": {},
     "output_type": "execute_result"
    }
   ],
   "source": [
    "# Using linspace\n",
    "arr_linspace = np.linspace(2, 18, 5, dtype=float)\n",
    "arr_linspace"
   ]
  },
  {
   "cell_type": "code",
   "execution_count": 6,
   "metadata": {
    "id": "AzloOg_tmCEd",
    "outputId": "9b3033ba-d5a5-4169-80fc-2122f8e319e7"
   },
   "outputs": [
    {
     "data": {
      "text/plain": [
       "array([ 2.,  6., 10., 14., 18.])"
      ]
     },
     "execution_count": 6,
     "metadata": {},
     "output_type": "execute_result"
    }
   ],
   "source": [
    "# Do NOT write here!\n"
   ]
  },
  {
   "cell_type": "markdown",
   "metadata": {
    "id": "rv4CG2gGmCEd"
   },
   "source": [
    "##### 3. Create the following matrix of ones and save it as my_matrix. (1 point)"
   ]
  },
  {
   "cell_type": "code",
   "execution_count": 25,
   "metadata": {},
   "outputs": [
    {
     "data": {
      "text/plain": [
       "array([[1., 1., 1., 1.],\n",
       "       [1., 1., 1., 1.],\n",
       "       [1., 1., 1., 1.],\n",
       "       [1., 1., 1., 1.]])"
      ]
     },
     "execution_count": 25,
     "metadata": {},
     "output_type": "execute_result"
    }
   ],
   "source": [
    "my_matrix = np.ones((4, 4))\n",
    "my_matrix"
   ]
  },
  {
   "cell_type": "code",
   "execution_count": 8,
   "metadata": {
    "id": "InDPCtGPmCEe",
    "outputId": "4af79634-2c04-4ced-86d3-910ee0bc7b4a"
   },
   "outputs": [
    {
     "data": {
      "text/plain": [
       "array([[1., 1., 1., 1.],\n",
       "       [1., 1., 1., 1.],\n",
       "       [1., 1., 1., 1.],\n",
       "       [1., 1., 1., 1.]])"
      ]
     },
     "execution_count": 8,
     "metadata": {},
     "output_type": "execute_result"
    }
   ],
   "source": [
    "# Do NOT write here\n"
   ]
  },
  {
   "cell_type": "markdown",
   "metadata": {
    "id": "-85NZkzSmCEe"
   },
   "source": [
    "#### 4. Reshape \"my_matrix\" into a new matrix as shown below. (1 point)"
   ]
  },
  {
   "cell_type": "code",
   "execution_count": 26,
   "metadata": {
    "id": "ALT9Ye0MmCEe"
   },
   "outputs": [
    {
     "data": {
      "text/plain": [
       "array([[1., 1., 1., 1., 1., 1., 1., 1.],\n",
       "       [1., 1., 1., 1., 1., 1., 1., 1.]])"
      ]
     },
     "execution_count": 26,
     "metadata": {},
     "output_type": "execute_result"
    }
   ],
   "source": [
    "# reshape the matrix into a 2x8 matrix\n",
    "my_matrix = my_matrix.reshape(2, 8)\n",
    "my_matrix"
   ]
  },
  {
   "cell_type": "code",
   "execution_count": 10,
   "metadata": {
    "id": "kKqcvuxumCEe",
    "outputId": "ba36f5a9-113e-4399-f434-9d398d9072a1"
   },
   "outputs": [
    {
     "data": {
      "text/plain": [
       "array([[1., 1., 1., 1., 1., 1., 1., 1.],\n",
       "       [1., 1., 1., 1., 1., 1., 1., 1.]])"
      ]
     },
     "execution_count": 10,
     "metadata": {},
     "output_type": "execute_result"
    }
   ],
   "source": [
    "# Do NOT write here\n"
   ]
  },
  {
   "cell_type": "markdown",
   "metadata": {
    "id": "gxrlSwAemCEe"
   },
   "source": [
    "#### 5. First, replace the first row of \"my_matrix\" with zeros. then replace the last column with 2s. Save the new matrix as \"my_matrix2\". (2 points)"
   ]
  },
  {
   "cell_type": "code",
   "execution_count": 27,
   "metadata": {
    "id": "QPmyiVw9mCEe"
   },
   "outputs": [
    {
     "data": {
      "text/plain": [
       "array([[0., 0., 0., 0.],\n",
       "       [1., 1., 1., 1.],\n",
       "       [1., 1., 1., 1.],\n",
       "       [1., 1., 1., 1.]])"
      ]
     },
     "execution_count": 27,
     "metadata": {},
     "output_type": "execute_result"
    }
   ],
   "source": [
    "# replace the first row of the matrix with 0\n",
    "my_matrix2 = my_matrix.reshape(4,4).copy()\n",
    "my_matrix2[0] = 0\n",
    "my_matrix2"
   ]
  },
  {
   "cell_type": "code",
   "execution_count": 28,
   "metadata": {},
   "outputs": [
    {
     "data": {
      "text/plain": [
       "array([[0., 0., 0., 2.],\n",
       "       [1., 1., 1., 2.],\n",
       "       [1., 1., 1., 2.],\n",
       "       [1., 1., 1., 2.]])"
      ]
     },
     "execution_count": 28,
     "metadata": {},
     "output_type": "execute_result"
    }
   ],
   "source": [
    "# replace the last column with 2s\n",
    "\n",
    "my_matrix2[:,-1] = 2\n",
    "my_matrix2"
   ]
  },
  {
   "cell_type": "code",
   "execution_count": 12,
   "metadata": {
    "id": "Noz58R3XmCEe",
    "outputId": "7893a910-e53f-40ca-ff9a-7dd4f865f0eb"
   },
   "outputs": [
    {
     "data": {
      "text/plain": [
       "array([[0., 0., 0., 2.],\n",
       "       [1., 1., 1., 2.],\n",
       "       [1., 1., 1., 2.],\n",
       "       [1., 1., 1., 2.]])"
      ]
     },
     "execution_count": 12,
     "metadata": {},
     "output_type": "execute_result"
    }
   ],
   "source": [
    "# Do not write here\n"
   ]
  },
  {
   "cell_type": "markdown",
   "metadata": {
    "id": "WcRAgyiemCEe"
   },
   "source": [
    "#### 6. Create the following matrix and save it as \"A\". (2 points)"
   ]
  },
  {
   "cell_type": "code",
   "execution_count": 35,
   "metadata": {
    "id": "JkYTTUWqmCEf"
   },
   "outputs": [
    {
     "data": {
      "text/plain": [
       "array([[0.01, 0.02, 0.03, 0.04, 0.05, 0.06, 0.07, 0.08, 0.09, 0.1 ],\n",
       "       [0.11, 0.12, 0.13, 0.14, 0.15, 0.16, 0.17, 0.18, 0.19, 0.2 ],\n",
       "       [0.21, 0.22, 0.23, 0.24, 0.25, 0.26, 0.27, 0.28, 0.29, 0.3 ],\n",
       "       [0.31, 0.32, 0.33, 0.34, 0.35, 0.36, 0.37, 0.38, 0.39, 0.4 ],\n",
       "       [0.41, 0.42, 0.43, 0.44, 0.45, 0.46, 0.47, 0.48, 0.49, 0.5 ],\n",
       "       [0.51, 0.52, 0.53, 0.54, 0.55, 0.56, 0.57, 0.58, 0.59, 0.6 ],\n",
       "       [0.61, 0.62, 0.63, 0.64, 0.65, 0.66, 0.67, 0.68, 0.69, 0.7 ],\n",
       "       [0.71, 0.72, 0.73, 0.74, 0.75, 0.76, 0.77, 0.78, 0.79, 0.8 ],\n",
       "       [0.81, 0.82, 0.83, 0.84, 0.85, 0.86, 0.87, 0.88, 0.89, 0.9 ],\n",
       "       [0.91, 0.92, 0.93, 0.94, 0.95, 0.96, 0.97, 0.98, 0.99, 1.  ]])"
      ]
     },
     "execution_count": 35,
     "metadata": {},
     "output_type": "execute_result"
    }
   ],
   "source": [
    "A = np.arange(0,1,0.01)+0.01\n",
    "A = A.reshape(10,10)\n",
    "A"
   ]
  },
  {
   "cell_type": "code",
   "execution_count": 14,
   "metadata": {
    "id": "KKr8KxBemCEf",
    "outputId": "1bb0928b-4a92-4d9f-b598-e40219f22380"
   },
   "outputs": [
    {
     "data": {
      "text/plain": [
       "array([[0.01, 0.02, 0.03, 0.04, 0.05, 0.06, 0.07, 0.08, 0.09, 0.1 ],\n",
       "       [0.11, 0.12, 0.13, 0.14, 0.15, 0.16, 0.17, 0.18, 0.19, 0.2 ],\n",
       "       [0.21, 0.22, 0.23, 0.24, 0.25, 0.26, 0.27, 0.28, 0.29, 0.3 ],\n",
       "       [0.31, 0.32, 0.33, 0.34, 0.35, 0.36, 0.37, 0.38, 0.39, 0.4 ],\n",
       "       [0.41, 0.42, 0.43, 0.44, 0.45, 0.46, 0.47, 0.48, 0.49, 0.5 ],\n",
       "       [0.51, 0.52, 0.53, 0.54, 0.55, 0.56, 0.57, 0.58, 0.59, 0.6 ],\n",
       "       [0.61, 0.62, 0.63, 0.64, 0.65, 0.66, 0.67, 0.68, 0.69, 0.7 ],\n",
       "       [0.71, 0.72, 0.73, 0.74, 0.75, 0.76, 0.77, 0.78, 0.79, 0.8 ],\n",
       "       [0.81, 0.82, 0.83, 0.84, 0.85, 0.86, 0.87, 0.88, 0.89, 0.9 ],\n",
       "       [0.91, 0.92, 0.93, 0.94, 0.95, 0.96, 0.97, 0.98, 0.99, 1.  ]])"
      ]
     },
     "execution_count": 14,
     "metadata": {},
     "output_type": "execute_result"
    }
   ],
   "source": [
    "# Do NOT write here.\n"
   ]
  },
  {
   "cell_type": "markdown",
   "metadata": {
    "id": "UDB9wnDTmCEf"
   },
   "source": [
    "##### 7. Create a 10 * 10 matrix using random values drawn from a standard normal distribution. Call this matrix \"B\". Set seed number = 100 (2 points)"
   ]
  },
  {
   "cell_type": "code",
   "execution_count": 51,
   "metadata": {
    "id": "h1wltzjUmCEf"
   },
   "outputs": [
    {
     "data": {
      "text/plain": [
       "array([[0.54340494, 0.27836939, 0.42451759, 0.84477613, 0.00471886,\n",
       "        0.12156912, 0.67074908, 0.82585276, 0.13670659, 0.57509333],\n",
       "       [0.89132195, 0.20920212, 0.18532822, 0.10837689, 0.21969749,\n",
       "        0.97862378, 0.81168315, 0.17194101, 0.81622475, 0.27407375],\n",
       "       [0.43170418, 0.94002982, 0.81764938, 0.33611195, 0.17541045,\n",
       "        0.37283205, 0.00568851, 0.25242635, 0.79566251, 0.01525497],\n",
       "       [0.59884338, 0.60380454, 0.10514769, 0.38194344, 0.03647606,\n",
       "        0.89041156, 0.98092086, 0.05994199, 0.89054594, 0.5769015 ],\n",
       "       [0.74247969, 0.63018394, 0.58184219, 0.02043913, 0.21002658,\n",
       "        0.54468488, 0.76911517, 0.25069523, 0.28589569, 0.85239509],\n",
       "       [0.97500649, 0.88485329, 0.35950784, 0.59885895, 0.35479561,\n",
       "        0.34019022, 0.17808099, 0.23769421, 0.04486228, 0.50543143],\n",
       "       [0.37625245, 0.5928054 , 0.62994188, 0.14260031, 0.9338413 ,\n",
       "        0.94637988, 0.60229666, 0.38776628, 0.363188  , 0.20434528],\n",
       "       [0.27676506, 0.24653588, 0.173608  , 0.96660969, 0.9570126 ,\n",
       "        0.59797368, 0.73130075, 0.34038522, 0.0920556 , 0.46349802],\n",
       "       [0.50869889, 0.08846017, 0.52803522, 0.99215804, 0.39503593,\n",
       "        0.33559644, 0.80545054, 0.75434899, 0.31306644, 0.63403668],\n",
       "       [0.54040458, 0.29679375, 0.1107879 , 0.3126403 , 0.45697913,\n",
       "        0.65894007, 0.25425752, 0.64110126, 0.20012361, 0.65762481]])"
      ]
     },
     "execution_count": 51,
     "metadata": {},
     "output_type": "execute_result"
    }
   ],
   "source": [
    "# Create a 10x10 matrix with random values\n",
    "np.random.seed(100)\n",
    "B = np.random.random((10,10))\n",
    "B"
   ]
  },
  {
   "cell_type": "code",
   "execution_count": 16,
   "metadata": {
    "id": "tvkbXXtbmCEf",
    "outputId": "d7b5de51-26ae-46ee-b9a7-f1f363ab7893"
   },
   "outputs": [
    {
     "data": {
      "text/plain": [
       "array([[-1.74976547,  0.3426804 ,  1.1530358 , -0.25243604,  0.98132079,\n",
       "         0.51421884,  0.22117967, -1.07004333, -0.18949583,  0.25500144],\n",
       "       [-0.45802699,  0.43516349, -0.58359505,  0.81684707,  0.67272081,\n",
       "        -0.10441114, -0.53128038,  1.02973269, -0.43813562, -1.11831825],\n",
       "       [ 1.61898166,  1.54160517, -0.25187914, -0.84243574,  0.18451869,\n",
       "         0.9370822 ,  0.73100034,  1.36155613, -0.32623806,  0.05567601],\n",
       "       [ 0.22239961, -1.443217  , -0.75635231,  0.81645401,  0.75044476,\n",
       "        -0.45594693,  1.18962227, -1.69061683, -1.35639905, -1.23243451],\n",
       "       [-0.54443916, -0.66817174,  0.00731456, -0.61293874,  1.29974807,\n",
       "        -1.73309562, -0.9833101 ,  0.35750775, -1.6135785 ,  1.47071387],\n",
       "       [-1.1880176 , -0.54974619, -0.94004616, -0.82793236,  0.10886347,\n",
       "         0.50780959, -0.86222735,  1.24946974, -0.07961125, -0.88973148],\n",
       "       [-0.88179839,  0.01863895,  0.23784462,  0.01354855, -1.6355294 ,\n",
       "        -1.04420988,  0.61303888,  0.73620521,  1.02692144, -1.43219061],\n",
       "       [-1.8411883 ,  0.36609323, -0.33177714, -0.68921798,  2.03460756,\n",
       "        -0.55071441,  0.75045333, -1.30699234,  0.58057334, -1.10452309],\n",
       "       [ 0.69012147,  0.68689007, -1.56668753,  0.90497412,  0.7788224 ,\n",
       "         0.42823287,  0.10887199,  0.02828363, -0.57882582, -1.1994512 ],\n",
       "       [-1.70595201,  0.36916396,  1.87657343, -0.37690335,  1.83193608,\n",
       "         0.00301743, -0.07602347,  0.00395759, -0.18501411, -2.48715154]])"
      ]
     },
     "execution_count": 16,
     "metadata": {},
     "output_type": "execute_result"
    }
   ],
   "source": [
    "# Do NOT write here\n"
   ]
  },
  {
   "cell_type": "markdown",
   "metadata": {
    "id": "d9yRkquTmCEf"
   },
   "source": [
    "##### 8. Multiply matrix A and B. (use the Matrix multiplication, NOT the element-wised multiplication) (1 point)"
   ]
  },
  {
   "cell_type": "code",
   "execution_count": 45,
   "metadata": {
    "id": "d5EAcSrhmCEf"
   },
   "outputs": [
    {
     "data": {
      "text/plain": [
       "array([[0.30409196, 0.24278125, 0.20393624, 0.28079894, 0.26613261,\n",
       "        0.32541742, 0.31007039, 0.23484022, 0.17514574, 0.28192155],\n",
       "       [0.89258012, 0.71988508, 0.59557283, 0.75125042, 0.64053201,\n",
       "        0.90413759, 0.89102471, 0.62705556, 0.56897889, 0.75778704],\n",
       "       [1.48106828, 1.19698891, 0.98720942, 1.22170191, 1.01493141,\n",
       "        1.48285776, 1.47197903, 1.01927089, 0.96281203, 1.23365252],\n",
       "       [2.06955644, 1.67409274, 1.37884601, 1.69215339, 1.38933081,\n",
       "        2.06157793, 2.05293336, 1.41148622, 1.35664517, 1.70951801],\n",
       "       [2.65804461, 2.15119657, 1.77048261, 2.16260488, 1.76373021,\n",
       "        2.6402981 , 2.63388768, 1.80370155, 1.75047831, 2.18538349],\n",
       "       [3.24653277, 2.6283004 , 2.1621192 , 2.63305636, 2.13812961,\n",
       "        3.21901826, 3.214842  , 2.19591688, 2.14431145, 2.66124897],\n",
       "       [3.83502093, 3.10540423, 2.55375579, 3.10350784, 2.51252901,\n",
       "        3.79773843, 3.79579632, 2.58813221, 2.5381446 , 3.13711446],\n",
       "       [4.42350909, 3.58250806, 2.94539238, 3.57395933, 2.88692841,\n",
       "        4.3764586 , 4.37675064, 2.98034754, 2.93197774, 3.61297994],\n",
       "       [5.01199726, 4.05961189, 3.33702897, 4.04441081, 3.26132781,\n",
       "        4.95517877, 4.95770497, 3.37256287, 3.32581088, 4.08884543],\n",
       "       [5.60048542, 4.53671572, 3.72866556, 4.51486229, 3.63572721,\n",
       "        5.53389894, 5.53865929, 3.7647782 , 3.71964402, 4.56471091]])"
      ]
     },
     "execution_count": 45,
     "metadata": {},
     "output_type": "execute_result"
    }
   ],
   "source": [
    "# multiply the two matrices with matrix multiplication\n",
    "C = np.matmul(A, B)\n",
    "C"
   ]
  },
  {
   "cell_type": "code",
   "execution_count": 46,
   "metadata": {},
   "outputs": [
    {
     "data": {
      "text/plain": [
       "array([[0.30409196, 0.24278125, 0.20393624, 0.28079894, 0.26613261,\n",
       "        0.32541742, 0.31007039, 0.23484022, 0.17514574, 0.28192155],\n",
       "       [0.89258012, 0.71988508, 0.59557283, 0.75125042, 0.64053201,\n",
       "        0.90413759, 0.89102471, 0.62705556, 0.56897889, 0.75778704],\n",
       "       [1.48106828, 1.19698891, 0.98720942, 1.22170191, 1.01493141,\n",
       "        1.48285776, 1.47197903, 1.01927089, 0.96281203, 1.23365252],\n",
       "       [2.06955644, 1.67409274, 1.37884601, 1.69215339, 1.38933081,\n",
       "        2.06157793, 2.05293336, 1.41148622, 1.35664517, 1.70951801],\n",
       "       [2.65804461, 2.15119657, 1.77048261, 2.16260488, 1.76373021,\n",
       "        2.6402981 , 2.63388768, 1.80370155, 1.75047831, 2.18538349],\n",
       "       [3.24653277, 2.6283004 , 2.1621192 , 2.63305636, 2.13812961,\n",
       "        3.21901826, 3.214842  , 2.19591688, 2.14431145, 2.66124897],\n",
       "       [3.83502093, 3.10540423, 2.55375579, 3.10350784, 2.51252901,\n",
       "        3.79773843, 3.79579632, 2.58813221, 2.5381446 , 3.13711446],\n",
       "       [4.42350909, 3.58250806, 2.94539238, 3.57395933, 2.88692841,\n",
       "        4.3764586 , 4.37675064, 2.98034754, 2.93197774, 3.61297994],\n",
       "       [5.01199726, 4.05961189, 3.33702897, 4.04441081, 3.26132781,\n",
       "        4.95517877, 4.95770497, 3.37256287, 3.32581088, 4.08884543],\n",
       "       [5.60048542, 4.53671572, 3.72866556, 4.51486229, 3.63572721,\n",
       "        5.53389894, 5.53865929, 3.7647782 , 3.71964402, 4.56471091]])"
      ]
     },
     "execution_count": 46,
     "metadata": {},
     "output_type": "execute_result"
    }
   ],
   "source": [
    "C = A @ B\n",
    "C"
   ]
  },
  {
   "cell_type": "code",
   "execution_count": 18,
   "metadata": {
    "id": "BAYzxE8HmCEg",
    "outputId": "cf8c19df-c6dd-49d3-ae5a-eaac7693582a"
   },
   "outputs": [
    {
     "data": {
      "text/plain": [
       "array([[-0.38520099,  0.06358488, -0.05722663, -0.06955691,  0.43190936,\n",
       "        -0.12156679,  0.06534707,  0.02587607, -0.11242174, -0.5925726 ],\n",
       "       [-0.96896951,  0.17349491, -0.17278352, -0.17456096,  1.13265468,\n",
       "        -0.2713685 ,  0.18147958,  0.09578209, -0.42840209, -1.36081353],\n",
       "       [-1.55273803,  0.28340494, -0.28834041, -0.279565  ,  1.8334    ,\n",
       "        -0.4211702 ,  0.2976121 ,  0.16568812, -0.74438244, -2.12905447],\n",
       "       [-2.13650655,  0.39331498, -0.40389731, -0.38456905,  2.53414533,\n",
       "        -0.57097191,  0.41374462,  0.23559414, -1.06036278, -2.8972954 ],\n",
       "       [-2.72027506,  0.50322501, -0.5194542 , -0.48957309,  3.23489065,\n",
       "        -0.72077361,  0.52987714,  0.30550017, -1.37634313, -3.66553634],\n",
       "       [-3.30404358,  0.61313505, -0.63501109, -0.59457714,  3.93563597,\n",
       "        -0.87057532,  0.64600966,  0.37540619, -1.69232348, -4.43377727],\n",
       "       [-3.8878121 ,  0.72304508, -0.75056798, -0.69958118,  4.6363813 ,\n",
       "        -1.02037702,  0.76214218,  0.44531222, -2.00830382, -5.20201821],\n",
       "       [-4.47158062,  0.83295511, -0.86612487, -0.80458523,  5.33712662,\n",
       "        -1.17017873,  0.8782747 ,  0.51521824, -2.32428417, -5.97025915],\n",
       "       [-5.05534913,  0.94286515, -0.98168176, -0.90958927,  6.03787194,\n",
       "        -1.31998043,  0.99440722,  0.58512427, -2.64026452, -6.73850008],\n",
       "       [-5.63911765,  1.05277518, -1.09723865, -1.01459332,  6.73861727,\n",
       "        -1.46978214,  1.11053974,  0.65503029, -2.95624487, -7.50674102]])"
      ]
     },
     "execution_count": 18,
     "metadata": {},
     "output_type": "execute_result"
    }
   ],
   "source": [
    "# Do NOT write here\n"
   ]
  },
  {
   "cell_type": "markdown",
   "metadata": {
    "id": "6ZgYMBECmCEg"
   },
   "source": [
    "##### 9. Import Pandas package as pd (0.5 point)"
   ]
  },
  {
   "cell_type": "code",
   "execution_count": 41,
   "metadata": {
    "id": "DblyI3kRmCEg"
   },
   "outputs": [],
   "source": [
    "import pandas as pd"
   ]
  },
  {
   "cell_type": "markdown",
   "metadata": {
    "id": "TdtbfydkmCEg"
   },
   "source": [
    "##### 10. Create a data frame with three columns A, B, C. Name your data frame as df. Again use the seed number = 100\n",
    "* Column A: 20 random numbers from the uniform distribution (2 point)\n",
    "* Column B: the first 20 Capitals of english letters (3 points)\n",
    "* Column C: range of numbers between 20 and 39 (1 point)\n"
   ]
  },
  {
   "cell_type": "code",
   "execution_count": 50,
   "metadata": {
    "id": "_5b4QOhImCEg"
   },
   "outputs": [
    {
     "data": {
      "text/html": [
       "<div>\n",
       "<style scoped>\n",
       "    .dataframe tbody tr th:only-of-type {\n",
       "        vertical-align: middle;\n",
       "    }\n",
       "\n",
       "    .dataframe tbody tr th {\n",
       "        vertical-align: top;\n",
       "    }\n",
       "\n",
       "    .dataframe thead th {\n",
       "        text-align: right;\n",
       "    }\n",
       "</style>\n",
       "<table border=\"1\" class=\"dataframe\">\n",
       "  <thead>\n",
       "    <tr style=\"text-align: right;\">\n",
       "      <th></th>\n",
       "      <th>A</th>\n",
       "      <th>B</th>\n",
       "      <th>C</th>\n",
       "    </tr>\n",
       "  </thead>\n",
       "  <tbody>\n",
       "    <tr>\n",
       "      <th>0</th>\n",
       "      <td>0.543405</td>\n",
       "      <td>A</td>\n",
       "      <td>20</td>\n",
       "    </tr>\n",
       "    <tr>\n",
       "      <th>1</th>\n",
       "      <td>0.278369</td>\n",
       "      <td>B</td>\n",
       "      <td>21</td>\n",
       "    </tr>\n",
       "    <tr>\n",
       "      <th>2</th>\n",
       "      <td>0.424518</td>\n",
       "      <td>C</td>\n",
       "      <td>22</td>\n",
       "    </tr>\n",
       "    <tr>\n",
       "      <th>3</th>\n",
       "      <td>0.844776</td>\n",
       "      <td>D</td>\n",
       "      <td>23</td>\n",
       "    </tr>\n",
       "    <tr>\n",
       "      <th>4</th>\n",
       "      <td>0.004719</td>\n",
       "      <td>E</td>\n",
       "      <td>24</td>\n",
       "    </tr>\n",
       "    <tr>\n",
       "      <th>5</th>\n",
       "      <td>0.121569</td>\n",
       "      <td>F</td>\n",
       "      <td>25</td>\n",
       "    </tr>\n",
       "    <tr>\n",
       "      <th>6</th>\n",
       "      <td>0.670749</td>\n",
       "      <td>G</td>\n",
       "      <td>26</td>\n",
       "    </tr>\n",
       "    <tr>\n",
       "      <th>7</th>\n",
       "      <td>0.825853</td>\n",
       "      <td>H</td>\n",
       "      <td>27</td>\n",
       "    </tr>\n",
       "    <tr>\n",
       "      <th>8</th>\n",
       "      <td>0.136707</td>\n",
       "      <td>I</td>\n",
       "      <td>28</td>\n",
       "    </tr>\n",
       "    <tr>\n",
       "      <th>9</th>\n",
       "      <td>0.575093</td>\n",
       "      <td>J</td>\n",
       "      <td>29</td>\n",
       "    </tr>\n",
       "    <tr>\n",
       "      <th>10</th>\n",
       "      <td>0.891322</td>\n",
       "      <td>K</td>\n",
       "      <td>30</td>\n",
       "    </tr>\n",
       "    <tr>\n",
       "      <th>11</th>\n",
       "      <td>0.209202</td>\n",
       "      <td>L</td>\n",
       "      <td>31</td>\n",
       "    </tr>\n",
       "    <tr>\n",
       "      <th>12</th>\n",
       "      <td>0.185328</td>\n",
       "      <td>M</td>\n",
       "      <td>32</td>\n",
       "    </tr>\n",
       "    <tr>\n",
       "      <th>13</th>\n",
       "      <td>0.108377</td>\n",
       "      <td>N</td>\n",
       "      <td>33</td>\n",
       "    </tr>\n",
       "    <tr>\n",
       "      <th>14</th>\n",
       "      <td>0.219697</td>\n",
       "      <td>O</td>\n",
       "      <td>34</td>\n",
       "    </tr>\n",
       "    <tr>\n",
       "      <th>15</th>\n",
       "      <td>0.978624</td>\n",
       "      <td>P</td>\n",
       "      <td>35</td>\n",
       "    </tr>\n",
       "    <tr>\n",
       "      <th>16</th>\n",
       "      <td>0.811683</td>\n",
       "      <td>Q</td>\n",
       "      <td>36</td>\n",
       "    </tr>\n",
       "    <tr>\n",
       "      <th>17</th>\n",
       "      <td>0.171941</td>\n",
       "      <td>R</td>\n",
       "      <td>37</td>\n",
       "    </tr>\n",
       "    <tr>\n",
       "      <th>18</th>\n",
       "      <td>0.816225</td>\n",
       "      <td>S</td>\n",
       "      <td>38</td>\n",
       "    </tr>\n",
       "    <tr>\n",
       "      <th>19</th>\n",
       "      <td>0.274074</td>\n",
       "      <td>T</td>\n",
       "      <td>39</td>\n",
       "    </tr>\n",
       "  </tbody>\n",
       "</table>\n",
       "</div>"
      ],
      "text/plain": [
       "           A  B   C\n",
       "0   0.543405  A  20\n",
       "1   0.278369  B  21\n",
       "2   0.424518  C  22\n",
       "3   0.844776  D  23\n",
       "4   0.004719  E  24\n",
       "5   0.121569  F  25\n",
       "6   0.670749  G  26\n",
       "7   0.825853  H  27\n",
       "8   0.136707  I  28\n",
       "9   0.575093  J  29\n",
       "10  0.891322  K  30\n",
       "11  0.209202  L  31\n",
       "12  0.185328  M  32\n",
       "13  0.108377  N  33\n",
       "14  0.219697  O  34\n",
       "15  0.978624  P  35\n",
       "16  0.811683  Q  36\n",
       "17  0.171941  R  37\n",
       "18  0.816225  S  38\n",
       "19  0.274074  T  39"
      ]
     },
     "execution_count": 50,
     "metadata": {},
     "output_type": "execute_result"
    }
   ],
   "source": [
    "np.random.seed(100)\n",
    "df = pd.DataFrame(columns=['A', 'B', 'C'])\n",
    "df['A'] = np.random.random(20)\n",
    "df['B'] = list(map(chr, range(65, 85)))\n",
    "df['C'] = np.arange(20, 40)\n",
    "df"
   ]
  },
  {
   "cell_type": "code",
   "execution_count": 22,
   "metadata": {
    "id": "mUarP1RmmCEg",
    "outputId": "c86be1b9-11d7-4a41-d766-8c1ab45dcd32"
   },
   "outputs": [
    {
     "data": {
      "text/html": [
       "<div>\n",
       "<style scoped>\n",
       "    .dataframe tbody tr th:only-of-type {\n",
       "        vertical-align: middle;\n",
       "    }\n",
       "\n",
       "    .dataframe tbody tr th {\n",
       "        vertical-align: top;\n",
       "    }\n",
       "\n",
       "    .dataframe thead th {\n",
       "        text-align: right;\n",
       "    }\n",
       "</style>\n",
       "<table border=\"1\" class=\"dataframe\">\n",
       "  <thead>\n",
       "    <tr style=\"text-align: right;\">\n",
       "      <th></th>\n",
       "      <th>A</th>\n",
       "      <th>B</th>\n",
       "      <th>C</th>\n",
       "    </tr>\n",
       "  </thead>\n",
       "  <tbody>\n",
       "    <tr>\n",
       "      <th>0</th>\n",
       "      <td>0.543405</td>\n",
       "      <td>A</td>\n",
       "      <td>20</td>\n",
       "    </tr>\n",
       "    <tr>\n",
       "      <th>1</th>\n",
       "      <td>0.278369</td>\n",
       "      <td>B</td>\n",
       "      <td>21</td>\n",
       "    </tr>\n",
       "    <tr>\n",
       "      <th>2</th>\n",
       "      <td>0.424518</td>\n",
       "      <td>C</td>\n",
       "      <td>22</td>\n",
       "    </tr>\n",
       "    <tr>\n",
       "      <th>3</th>\n",
       "      <td>0.844776</td>\n",
       "      <td>D</td>\n",
       "      <td>23</td>\n",
       "    </tr>\n",
       "    <tr>\n",
       "      <th>4</th>\n",
       "      <td>0.004719</td>\n",
       "      <td>E</td>\n",
       "      <td>24</td>\n",
       "    </tr>\n",
       "    <tr>\n",
       "      <th>5</th>\n",
       "      <td>0.121569</td>\n",
       "      <td>F</td>\n",
       "      <td>25</td>\n",
       "    </tr>\n",
       "    <tr>\n",
       "      <th>6</th>\n",
       "      <td>0.670749</td>\n",
       "      <td>G</td>\n",
       "      <td>26</td>\n",
       "    </tr>\n",
       "    <tr>\n",
       "      <th>7</th>\n",
       "      <td>0.825853</td>\n",
       "      <td>H</td>\n",
       "      <td>27</td>\n",
       "    </tr>\n",
       "    <tr>\n",
       "      <th>8</th>\n",
       "      <td>0.136707</td>\n",
       "      <td>I</td>\n",
       "      <td>28</td>\n",
       "    </tr>\n",
       "    <tr>\n",
       "      <th>9</th>\n",
       "      <td>0.575093</td>\n",
       "      <td>J</td>\n",
       "      <td>29</td>\n",
       "    </tr>\n",
       "    <tr>\n",
       "      <th>10</th>\n",
       "      <td>0.891322</td>\n",
       "      <td>K</td>\n",
       "      <td>30</td>\n",
       "    </tr>\n",
       "    <tr>\n",
       "      <th>11</th>\n",
       "      <td>0.209202</td>\n",
       "      <td>L</td>\n",
       "      <td>31</td>\n",
       "    </tr>\n",
       "    <tr>\n",
       "      <th>12</th>\n",
       "      <td>0.185328</td>\n",
       "      <td>M</td>\n",
       "      <td>32</td>\n",
       "    </tr>\n",
       "    <tr>\n",
       "      <th>13</th>\n",
       "      <td>0.108377</td>\n",
       "      <td>N</td>\n",
       "      <td>33</td>\n",
       "    </tr>\n",
       "    <tr>\n",
       "      <th>14</th>\n",
       "      <td>0.219697</td>\n",
       "      <td>O</td>\n",
       "      <td>34</td>\n",
       "    </tr>\n",
       "    <tr>\n",
       "      <th>15</th>\n",
       "      <td>0.978624</td>\n",
       "      <td>P</td>\n",
       "      <td>35</td>\n",
       "    </tr>\n",
       "    <tr>\n",
       "      <th>16</th>\n",
       "      <td>0.811683</td>\n",
       "      <td>Q</td>\n",
       "      <td>36</td>\n",
       "    </tr>\n",
       "    <tr>\n",
       "      <th>17</th>\n",
       "      <td>0.171941</td>\n",
       "      <td>R</td>\n",
       "      <td>37</td>\n",
       "    </tr>\n",
       "    <tr>\n",
       "      <th>18</th>\n",
       "      <td>0.816225</td>\n",
       "      <td>S</td>\n",
       "      <td>38</td>\n",
       "    </tr>\n",
       "    <tr>\n",
       "      <th>19</th>\n",
       "      <td>0.274074</td>\n",
       "      <td>T</td>\n",
       "      <td>39</td>\n",
       "    </tr>\n",
       "  </tbody>\n",
       "</table>\n",
       "</div>"
      ],
      "text/plain": [
       "           A  B   C\n",
       "0   0.543405  A  20\n",
       "1   0.278369  B  21\n",
       "2   0.424518  C  22\n",
       "3   0.844776  D  23\n",
       "4   0.004719  E  24\n",
       "5   0.121569  F  25\n",
       "6   0.670749  G  26\n",
       "7   0.825853  H  27\n",
       "8   0.136707  I  28\n",
       "9   0.575093  J  29\n",
       "10  0.891322  K  30\n",
       "11  0.209202  L  31\n",
       "12  0.185328  M  32\n",
       "13  0.108377  N  33\n",
       "14  0.219697  O  34\n",
       "15  0.978624  P  35\n",
       "16  0.811683  Q  36\n",
       "17  0.171941  R  37\n",
       "18  0.816225  S  38\n",
       "19  0.274074  T  39"
      ]
     },
     "execution_count": 22,
     "metadata": {},
     "output_type": "execute_result"
    }
   ],
   "source": [
    "# Do Not write here\n"
   ]
  },
  {
   "cell_type": "markdown",
   "metadata": {
    "id": "czBgXkm7mCEh"
   },
   "source": [
    "##### 11. Create a new column in df and name is as \"default\". If A>0.5 then default =1 otherwise 0. (2 points)"
   ]
  },
  {
   "cell_type": "code",
   "execution_count": 53,
   "metadata": {
    "id": "mwvt_7VmmCEh"
   },
   "outputs": [
    {
     "data": {
      "text/html": [
       "<div>\n",
       "<style scoped>\n",
       "    .dataframe tbody tr th:only-of-type {\n",
       "        vertical-align: middle;\n",
       "    }\n",
       "\n",
       "    .dataframe tbody tr th {\n",
       "        vertical-align: top;\n",
       "    }\n",
       "\n",
       "    .dataframe thead th {\n",
       "        text-align: right;\n",
       "    }\n",
       "</style>\n",
       "<table border=\"1\" class=\"dataframe\">\n",
       "  <thead>\n",
       "    <tr style=\"text-align: right;\">\n",
       "      <th></th>\n",
       "      <th>A</th>\n",
       "      <th>B</th>\n",
       "      <th>C</th>\n",
       "      <th>default</th>\n",
       "    </tr>\n",
       "  </thead>\n",
       "  <tbody>\n",
       "    <tr>\n",
       "      <th>0</th>\n",
       "      <td>0.543405</td>\n",
       "      <td>A</td>\n",
       "      <td>20</td>\n",
       "      <td>1</td>\n",
       "    </tr>\n",
       "    <tr>\n",
       "      <th>1</th>\n",
       "      <td>0.278369</td>\n",
       "      <td>B</td>\n",
       "      <td>21</td>\n",
       "      <td>0</td>\n",
       "    </tr>\n",
       "    <tr>\n",
       "      <th>2</th>\n",
       "      <td>0.424518</td>\n",
       "      <td>C</td>\n",
       "      <td>22</td>\n",
       "      <td>0</td>\n",
       "    </tr>\n",
       "    <tr>\n",
       "      <th>3</th>\n",
       "      <td>0.844776</td>\n",
       "      <td>D</td>\n",
       "      <td>23</td>\n",
       "      <td>1</td>\n",
       "    </tr>\n",
       "    <tr>\n",
       "      <th>4</th>\n",
       "      <td>0.004719</td>\n",
       "      <td>E</td>\n",
       "      <td>24</td>\n",
       "      <td>0</td>\n",
       "    </tr>\n",
       "    <tr>\n",
       "      <th>5</th>\n",
       "      <td>0.121569</td>\n",
       "      <td>F</td>\n",
       "      <td>25</td>\n",
       "      <td>0</td>\n",
       "    </tr>\n",
       "    <tr>\n",
       "      <th>6</th>\n",
       "      <td>0.670749</td>\n",
       "      <td>G</td>\n",
       "      <td>26</td>\n",
       "      <td>1</td>\n",
       "    </tr>\n",
       "    <tr>\n",
       "      <th>7</th>\n",
       "      <td>0.825853</td>\n",
       "      <td>H</td>\n",
       "      <td>27</td>\n",
       "      <td>1</td>\n",
       "    </tr>\n",
       "    <tr>\n",
       "      <th>8</th>\n",
       "      <td>0.136707</td>\n",
       "      <td>I</td>\n",
       "      <td>28</td>\n",
       "      <td>0</td>\n",
       "    </tr>\n",
       "    <tr>\n",
       "      <th>9</th>\n",
       "      <td>0.575093</td>\n",
       "      <td>J</td>\n",
       "      <td>29</td>\n",
       "      <td>1</td>\n",
       "    </tr>\n",
       "    <tr>\n",
       "      <th>10</th>\n",
       "      <td>0.891322</td>\n",
       "      <td>K</td>\n",
       "      <td>30</td>\n",
       "      <td>1</td>\n",
       "    </tr>\n",
       "    <tr>\n",
       "      <th>11</th>\n",
       "      <td>0.209202</td>\n",
       "      <td>L</td>\n",
       "      <td>31</td>\n",
       "      <td>0</td>\n",
       "    </tr>\n",
       "    <tr>\n",
       "      <th>12</th>\n",
       "      <td>0.185328</td>\n",
       "      <td>M</td>\n",
       "      <td>32</td>\n",
       "      <td>0</td>\n",
       "    </tr>\n",
       "    <tr>\n",
       "      <th>13</th>\n",
       "      <td>0.108377</td>\n",
       "      <td>N</td>\n",
       "      <td>33</td>\n",
       "      <td>0</td>\n",
       "    </tr>\n",
       "    <tr>\n",
       "      <th>14</th>\n",
       "      <td>0.219697</td>\n",
       "      <td>O</td>\n",
       "      <td>34</td>\n",
       "      <td>0</td>\n",
       "    </tr>\n",
       "    <tr>\n",
       "      <th>15</th>\n",
       "      <td>0.978624</td>\n",
       "      <td>P</td>\n",
       "      <td>35</td>\n",
       "      <td>1</td>\n",
       "    </tr>\n",
       "    <tr>\n",
       "      <th>16</th>\n",
       "      <td>0.811683</td>\n",
       "      <td>Q</td>\n",
       "      <td>36</td>\n",
       "      <td>1</td>\n",
       "    </tr>\n",
       "    <tr>\n",
       "      <th>17</th>\n",
       "      <td>0.171941</td>\n",
       "      <td>R</td>\n",
       "      <td>37</td>\n",
       "      <td>0</td>\n",
       "    </tr>\n",
       "    <tr>\n",
       "      <th>18</th>\n",
       "      <td>0.816225</td>\n",
       "      <td>S</td>\n",
       "      <td>38</td>\n",
       "      <td>1</td>\n",
       "    </tr>\n",
       "    <tr>\n",
       "      <th>19</th>\n",
       "      <td>0.274074</td>\n",
       "      <td>T</td>\n",
       "      <td>39</td>\n",
       "      <td>0</td>\n",
       "    </tr>\n",
       "  </tbody>\n",
       "</table>\n",
       "</div>"
      ],
      "text/plain": [
       "           A  B   C  default\n",
       "0   0.543405  A  20        1\n",
       "1   0.278369  B  21        0\n",
       "2   0.424518  C  22        0\n",
       "3   0.844776  D  23        1\n",
       "4   0.004719  E  24        0\n",
       "5   0.121569  F  25        0\n",
       "6   0.670749  G  26        1\n",
       "7   0.825853  H  27        1\n",
       "8   0.136707  I  28        0\n",
       "9   0.575093  J  29        1\n",
       "10  0.891322  K  30        1\n",
       "11  0.209202  L  31        0\n",
       "12  0.185328  M  32        0\n",
       "13  0.108377  N  33        0\n",
       "14  0.219697  O  34        0\n",
       "15  0.978624  P  35        1\n",
       "16  0.811683  Q  36        1\n",
       "17  0.171941  R  37        0\n",
       "18  0.816225  S  38        1\n",
       "19  0.274074  T  39        0"
      ]
     },
     "execution_count": 53,
     "metadata": {},
     "output_type": "execute_result"
    }
   ],
   "source": [
    "df['default'] = df['A'].apply(lambda x: 1 if x > 0.5 else 0)\n",
    "df"
   ]
  },
  {
   "cell_type": "code",
   "execution_count": 24,
   "metadata": {
    "id": "4j0kt_lXmCEh",
    "outputId": "03dc259c-f00c-4293-a858-cd37035a9808"
   },
   "outputs": [
    {
     "data": {
      "text/html": [
       "<div>\n",
       "<style scoped>\n",
       "    .dataframe tbody tr th:only-of-type {\n",
       "        vertical-align: middle;\n",
       "    }\n",
       "\n",
       "    .dataframe tbody tr th {\n",
       "        vertical-align: top;\n",
       "    }\n",
       "\n",
       "    .dataframe thead th {\n",
       "        text-align: right;\n",
       "    }\n",
       "</style>\n",
       "<table border=\"1\" class=\"dataframe\">\n",
       "  <thead>\n",
       "    <tr style=\"text-align: right;\">\n",
       "      <th></th>\n",
       "      <th>A</th>\n",
       "      <th>B</th>\n",
       "      <th>C</th>\n",
       "      <th>default</th>\n",
       "    </tr>\n",
       "  </thead>\n",
       "  <tbody>\n",
       "    <tr>\n",
       "      <th>0</th>\n",
       "      <td>0.543405</td>\n",
       "      <td>A</td>\n",
       "      <td>20</td>\n",
       "      <td>1</td>\n",
       "    </tr>\n",
       "    <tr>\n",
       "      <th>1</th>\n",
       "      <td>0.278369</td>\n",
       "      <td>B</td>\n",
       "      <td>21</td>\n",
       "      <td>0</td>\n",
       "    </tr>\n",
       "    <tr>\n",
       "      <th>2</th>\n",
       "      <td>0.424518</td>\n",
       "      <td>C</td>\n",
       "      <td>22</td>\n",
       "      <td>0</td>\n",
       "    </tr>\n",
       "    <tr>\n",
       "      <th>3</th>\n",
       "      <td>0.844776</td>\n",
       "      <td>D</td>\n",
       "      <td>23</td>\n",
       "      <td>1</td>\n",
       "    </tr>\n",
       "    <tr>\n",
       "      <th>4</th>\n",
       "      <td>0.004719</td>\n",
       "      <td>E</td>\n",
       "      <td>24</td>\n",
       "      <td>0</td>\n",
       "    </tr>\n",
       "    <tr>\n",
       "      <th>5</th>\n",
